3
1000
999
1001
1004
1006
1009
1011
1014
1016
1019
1021
1024
1026
1029
1031
1034
1036
1039
1041
1044
1046
1049
1051
1054
1056
1059
1061
1064
1066
1069
1071
1074
1076
1079
1081
1084
1086
1089
1091
1094
1096
1099
1101
1104
1106
1109
1111
1114
1116
1119
1121
1124
1126
1129
1131
1134
1136
1139
1141
1144
1146
1149
1151
1154
1156
1159
1161
1164
1166
1169
1171
1174
1176
1179
1181
1184
1186
1189
1191
1194
1196
1199
1201
1204
1206
1209
1211
1214
1216
1219
1221
1224
1226
1229
1231
1234
1236
1239
1241
1244
1246
1249
1251
1254
1256
1259
1261
1264
1266
1269
1271
1274
1276
1279
1281
1284
1286
1289
1291
1294
1296
1299
1301
1304
1306
1309
1311
1314
1316
1319
1321
1324
1326
1329
1331
1334
1336
1339
1341
1344
1346
1349
1351
1354
1356
1359
1361
1364
1366
1369
1371
1374
1376
1379
1381
1384
1386
1389
1391
1394
1396
1399
1401
1404
1406
1409
1411
1414
1416
1419
1421
1424
1426
1429
1431
1434
1436
1439
1441
1444
1446
1449
1451
1454
1456
1459
1461
1464
1466
1469
1471
1474
1476
1479
1481
1484
1486
1489
1491
1494
1496
1499
1501
1504
1506
1509
1511
1514
1516
1519
1521
1524
1526
1529
1531
1534
1536
1539
1541
1544
1546
1549
1551
1554
1556
1559
1561
1564
1566
1569
1571
1574
1576
1579
1581
1584
1586
1589
1591
1594
1596
1599
1601
1604
1606
1609
1611
1614
1616
1619
1621
1624
1626
1629
1631
1634
1636
1639
1641
1644
1646
1649
1651
1654
1656
1659
1661
1664
1666
1669
1671
1674
1676
1679
1681
1684
1686
1689
1691
1694
1696
1699
1701
1704
1706
1709
1711
1714
1716
1719
1721
1724
1726
1729
1731
1734
1736
1739
1741
1744
1746
1749
1751
1754
1756
1759
1761
1764
1766
1769
1771
1774
1776
1779
1781
1784
1786
1789
1791
1794
1796
1799
1801
1804
1806
1809
1811
1814
1816
1819
1821
1824
1826
1829
1831
1834
1836
1839
1841
1844
1846
1849
1851
1854
1856
1859
1861
1864
1866
1869
1871
1874
1876
1879
1881
1884
1886
1889
1891
1894
1896
1899
1901
1904
1906
1909
1911
1914
1916
1919
1921
1924
1926
1929
1931
1934
1936
1939
1941
1944
1946
1949
1951
1954
1956
1959
1961
1964
1966
1969
1971
1974
1976
1979
1981
1984
1986
1989
1991
1994
1996
1999
2001
2004
2006
2009
2011
2014
2016
2019
2021
2024
2026
2029
2031
2034
2036
2039
2041
2044
2046
2049
2051
2054
2056
2059
2061
2064
2066
2069
2071
2074
2076
2079
2081
2084
2086
2089
2091
2094
2096
2099
2101
2104
2106
2109
2111
2114
2116
2119
2121
2124
2126
2129
2131
2134
2136
2139
2141
2144
2146
2149
2151
2154
2156
2159
2161
2164
2166
2169
2171
2174
2176
2179
2181
2184
2186
2189
2191
2194
2196
2199
2201
2204
2206
2209
2211
2214
2216
2219
2221
2224
2226
2229
2231
2234
2236
2239
2241
2244
2246
2249
2251
2254
2256
2259
2261
2264
2266
2269
2271
2274
2276
2279
2281
2284
2286
2289
2291
2294
2296
2299
2301
2304
2306
2309
2311
2314
2316
2319
2321
2324
2326
2329
2331
2334
2336
2339
2341
2344
2346
2349
2351
2354
2356
2359
2361
2364
2366
2369
2371
2374
2376
2379
2381
2384
2386
2389
2391
2394
2396
2399
2401
2404
2406
2409
2411
2414
2416
2419
2421
2424
2426
2429
2431
2434
2436
2439
2441
2444
2446
2449
2451
2454
2456
2459
2461
2464
2466
2469
2471
2474
2476
2479
2481
2484
2486
2489
2491
2494
2496
2499
2501
2504
2506
2509
2511
2514
2516
2519
2521
2524
2526
2529
2531
2534
2536
2539
2541
2544
2546
2549
2551
2554
2556
2559
2561
2564
2566
2569
2571
2574
2576
2579
2581
2584
2586
2589
2591
2594
2596
2599
2601
2604
2606
2609
2611
2614
2616
2619
2621
2624
2626
2629
2631
2634
2636
2639
2641
2644
2646
2649
2651
2654
2656
2659
2661
2664
2666
2669
2671
2674
2676
2679
2681
2684
2686
2689
2691
2694
2696
2699
2701
2704
2706
2709
2711
2714
2716
2719
2721
2724
2726
2729
2731
2734
2736
2739
2741
2744
2746
2749
2751
2754
2756
2759
2761
2764
2766
2769
2771
2774
2776
2779
2781
2784
2786
2789
2791
2794
2796
2799
2801
2804
2806
2809
2811
2814
2816
2819
2821
2824
2826
2829
2831
2834
2836
2839
2841
2844
2846
2849
2851
2854
2856
2859
2861
2864
2866
2869
2871
2874
2876
2879
2881
2884
2886
2889
2891
2894
2896
2899
2901
2904
2906
2909
2911
2914
2916
2919
2921
2924
2926
2929
2931
2934
2936
2939
2941
2944
2946
2949
2951
2954
2956
2959
2961
2964
2966
2969
2971
2974
2976
2979
2981
2984
2986
2989
2991
2994
2996
2999
3001
3004
3006
3009
3011
3014
3016
3019
3021
3024
3026
3029
3031
3034
3036
3039
3041
3044
3046
3049
3051
3054
3056
3059
3061
3064
3066
3069
3071
3074
3076
3079
3081
3084
3086
3089
3091
3094
3096
3099
3101
3104
3106
3109
3111
3114
3116
3119
3121
3124
3126
3129
3131
3134
3136
3139
3141
3144
3146
3149
3151
3154
3156
3159
3161
3164
3166
3169
3171
3174
3176
3179
3181
3184
3186
3189
3191
3194
3196
3199
3201
3204
3206
3209
3211
3214
3216
3219
3221
3224
3226
3229
3231
3234
3236
3239
3241
3244
3246
3249
3251
3254
3256
3259
3261
3264
3266
3269
3271
3274
3276
3279
3281
3284
3286
3289
3291
3294
3296
3299
3301
3304
3306
3309
3311
3314
3316
3319
3321
3324
3326
3329
3331
3334
3336
3339
3341
3344
3346
3349
3351
3354
3356
3359
3361
3364
3366
3369
3371
3374
3376
3379
3381
3384
3386
3389
3391
3394
3396
3399
3401
3404
3406
3409
3411
3414
3416
3419
3421
3424
3426
3429
3431
3434
3436
3439
3441
3444
3446
3449
3451
3454
3456
3459
3461
3464
3466
3469
3471
3474
3476
3479
3481
3484
3486
3489
3491
3494
3496
1000
4324
4326
4329
4331
4334
4336
4339
4341
4344
4346
4349
4351
4354
4356
4359
4361
4364
4366
4369
4371
4374
4376
4379
4381
4384
4386
4389
4391
4394
4396
4399
4401
4404
4406
4409
4411
4414
4416
4419
4421
4424
4426
4429
4431
4434
4436
4439
4441
4444
4446
4449
4451
4454
4456
4459
4461
4464
4466
4469
4471
4474
4476
4479
4481
4484
4486
4489
4491
4494
4496
4499
4501
4504
4506
4509
4511
4514
4516
4519
4521
4524
4526
4529
4531
4534
4536
4539
4541
4544
4546
4549
4551
4554
4556
4559
4561
4564
4566
4569
4571
4574
4576
4579
4581
4584
4586
4589
4591
4594
4596
4599
4601
4604
4606
4609
4611
4614
4616
4619
4621
4624
4626
4629
4631
4634
4636
4639
4641
4644
4646
4649
4651
4654
4656
4659
4661
4664
4666
4669
4671
4674
4676
4679
4681
4684
4686
4689
4691
4694
4696
4699
4701
4704
4706
4709
4711
4714
4716
4719
4721
4724
4726
4729
4731
4734
4736
4739
4741
4744
4746
4749
4751
4754
4756
4759
4761
4764
4766
4769
4771
4774
4776
4779
4781
4784
4786
4789
4791
4794
4796
4799
4801
4804
4806
4809
4811
4814
4816
4819
4821
4824
4826
4829
4831
4834
4836
4839
4841
4844
4846
4849
4851
4854
4856
4859
4861
4864
4866
4869
4871
4874
4876
4879
4881
4884
4886
4889
4891
4894
4896
4899
4901
4904
4906
4909
4911
4914
4916
4919
4921
4924
4926
4929
4931
4934
4936
4939
4941
4944
4946
4949
4951
4954
4956
4959
4961
4964
4966
4969
4971
4974
4976
4979
4981
4984
4986
4989
4991
4994
4996
4999
5001
5004
5006
5009
5011
5014
5016
5019
5021
5024
5026
5029
5031
5034
5036
5039
5041
5044
5046
5049
5051
5054
5056
5059
5061
5064
5066
5069
5071
5074
5076
5079
5081
5084
5086
5089
5091
5094
5096
5099
5101
5104
5106
5109
5111
5114
5116
5119
5121
5124
5126
5129
5131
5134
5136
5139
5141
5144
5146
5149
5151
5154
5156
5159
5161
5164
5166
5169
5171
5174
5176
5179
5181
5184
5186
5189
5191
5194
5196
5199
5201
5204
5206
5209
5211
5214
5216
5219
5221
5224
5226
5229
5231
5234
5236
5239
5241
5244
5246
5249
5251
5254
5256
5259
5261
5264
5266
5269
5271
5274
5276
5279
5281
5284
5286
5289
5291
5294
5296
5299
5301
5304
5306
5309
5311
5314
5316
5319
5321
5324
5326
5329
5331
5334
5336
5339
5341
5344
5346
5349
5351
5354
5356
5359
5361
5364
5366
5369
5371
5374
5376
5379
5381
5384
5386
5389
5391
5394
5396
5399
5401
5404
5406
5409
5411
5414
5416
5419
5421
5424
5426
5429
5431
5434
5436
5439
5441
5444
5446
5449
5451
5454
5456
5459
5461
5464
5466
5469
5471
5474
5476
5479
5481
5484
5486
5489
5491
5494
5496
5499
5501
5504
5506
5509
5511
5514
5516
5519
5521
5524
5526
5529
5531
5534
5536
5539
5541
5544
5546
5549
5551
5554
5556
5559
5561
5564
5566
5569
5571
5574
5576
5579
5581
5584
5586
5589
5591
5594
5596
5599
5601
5604
5606
5609
5611
5614
5616
5619
5621
5624
5626
5629
5631
5634
5636
5639
5641
5644
5646
5649
5651
5654
5656
5659
5661
5664
5666
5669
5671
5674
5676
5679
5681
5684
5686
5689
5691
5694
5696
5699
5701
5704
5706
5709
5711
5714
5716
5719
5721
5724
5726
5729
5731
5734
5736
5739
5741
5744
5746
5749
5751
5754
5756
5759
5761
5764
5766
5769
5771
5774
5776
5779
5781
5784
5786
5789
5791
5794
5796
5799
5801
5804
5806
5809
5811
5814
5816
5819
5821
5824
5826
5829
5831
5834
5836
5839
5841
5844
5846
5849
5851
5854
5856
5859
5861
5864
5866
5869
5871
5874
5876
5879
5881
5884
5886
5889
5891
5894
5896
5899
5901
5904
5906
5909
5911
5914
5916
5919
5921
5924
5926
5929
5931
5934
5936
5939
5941
5944
5946
5949
5951
5954
5956
5959
5961
5964
5966
5969
5971
5974
5976
5979
5981
5984
5986
5989
5991
5994
5996
5999
6001
6004
6006
6009
6011
6014
6016
6019
6021
6024
6026
6029
6031
6034
6036
6039
6041
6044
6046
6049
6051
6054
6056
6059
6061
6064
6066
6069
6071
6074
6076
6079
6081
6084
6086
6089
6091
6094
6096
6099
6101
6104
6106
6109
6111
6114
6116
6119
6121
6124
6126
6129
6131
6134
6136
6139
6141
6144
6146
6149
6151
6154
6156
6159
6161
6164
6166
6169
6171
6174
6176
6179
6181
6184
6186
6189
6191
6194
6196
6199
6201
6204
6206
6209
6211
6214
6216
6219
6221
6224
6226
6229
6231
6234
6236
6239
6241
6244
6246
6249
6251
6254
6256
6259
6261
6264
6266
6269
6271
6274
6276
6279
6281
6284
6286
6289
6291
6294
6296
6299
6301
6304
6306
6309
6311
6314
6316
6319
6321
6324
6326
6329
6331
6334
6336
6339
6341
6344
6346
6349
6351
6354
6356
6359
6361
6364
6366
6369
6371
6374
6376
6379
6381
6384
6386
6389
6391
6394
6396
6399
6401
6404
6406
6409
6411
6414
6416
6419
6421
6424
6426
6429
6431
6434
6436
6439
6441
6444
6446
6449
6451
6454
6456
6459
6461
6464
6466
6469
6471
6474
6476
6479
6481
6484
6486
6489
6491
6494
6496
6499
6501
6504
6506
6509
6511
6514
6516
6519
6521
6524
6526
6529
6531
6534
6536
6539
6541
6544
6546
6549
6551
6554
6556
6559
6561
6564
6566
6569
6571
6574
6576
6579
6581
6584
6586
6589
6591
6594
6596
6599
6601
6604
6606
6609
6611
6614
6616
6619
6621
6624
6626
6629
6631
6634
6636
6639
6641
6644
6646
6649
6651
6654
6656
6659
6661
6664
6666
6669
6671
6674
6676
6679
6681
6684
6686
6689
6691
6694
6696
6699
6701
6704
6706
6709
6711
6714
6716
6719
6721
6724
6726
6729
6731
6734
6736
6739
6741
6744
6746
6749
6751
6754
6756
6759
6761
6764
6766
6769
6771
6774
6776
6779
6781
6784
6786
6789
6791
6794
6796
6799
6801
6804
6806
6809
6811
6814
6816
6819
6821
1000
1927
1929
1932
1939
1941
1944
1951
1953
1956
1963
1965
1968
1975
1977
1980
1987
1989
1992
1999
2001
2004
2011
2013
2016
2023
2025
2028
2035
2037
2040
2047
2049
2052
2059
2061
2064
2071
2073
2076
2083
2085
2088
2095
2097
2100
2107
2109
2112
2119
2121
2124
2131
2133
2136
2143
2145
2148
2155
2157
2160
2167
2169
2172
2179
2181
2184
2191
2193
2196
2203
2205
2208
2215
2217
2220
2227
2229
2232
2239
2241
2244
2251
2253
2256
2263
2265
2268
2275
2277
2280
2287
2289
2292
2299
2301
2304
2311
2313
2316
2323
2325
2328
2335
2337
2340
2347
2349
2352
2359
2361
2364
2371
2373
2376
2383
2385
2388
2395
2397
2400
2407
2409
2412
2419
2421
2424
2431
2433
2436
2443
2445
2448
2455
2457
2460
2467
2469
2472
2479
2481
2484
2491
2493
2496
2503
2505
2508
2515
2517
2520
2527
2529
2532
2539
2541
2544
2551
2553
2556
2563
2565
2568
2575
2577
2580
2587
2589
2592
2599
2601
2604
2611
2613
2616
2623
2625
2628
2635
2637
2640
2647
2649
2652
2659
2661
2664
2671
2673
2676
2683
2685
2688
2695
2697
2700
2707
2709
2712
2719
2721
2724
2731
2733
2736
2743
2745
2748
2755
2757
2760
2767
2769
2772
2779
2781
2784
2791
2793
2796
2803
2805
2808
2815
2817
2820
2827
2829
2832
2839
2841
2844
2851
2853
2856
2863
2865
2868
2875
2877
2880
2887
2889
2892
2899
2901
2904
2911
2913
2916
2923
2925
2928
2935
2937
2940
2947
2949
2952
2959
2961
2964
2971
2973
2976
2983
2985
2988
2995
2997
3000
3007
3009
3012
3019
3021
3024
3031
3033
3036
3043
3045
3048
3055
3057
3060
3067
3069
3072
3079
3081
3084
3091
3093
3096
3103
3105
3108
3115
3117
3120
3127
3129
3132
3139
3141
3144
3151
3153
3156
3163
3165
3168
3175
3177
3180
3187
3189
3192
3199
3201
3204
3211
3213
3216
3223
3225
3228
3235
3237
3240
3247
3249
3252
3259
3261
3264
3271
3273
3276
3283
3285
3288
3295
3297
3300
3307
3309
3312
3319
3321
3324
3331
3333
3336
3343
3345
3348
3355
3357
3360
3367
3369
3372
3379
3381
3384
3391
3393
3396
3403
3405
3408
3415
3417
3420
3427
3429
3432
3439
3441
3444
3451
3453
3456
3463
3465
3468
3475
3477
3480
3487
3489
3492
3499
3501
3504
3511
3513
3516
3523
3525
3528
3535
3537
3540
3547
3549
3552
3559
3561
3564
3571
3573
3576
3583
3585
3588
3595
3597
3600
3607
3609
3612
3619
3621
3624
3631
3633
3636
3643
3645
3648
3655
3657
3660
3667
3669
3672
3679
3681
3684
3691
3693
3696
3703
3705
3708
3715
3717
3720
3727
3729
3732
3739
3741
3744
3751
3753
3756
3763
3765
3768
3775
3777
3780
3787
3789
3792
3799
3801
3804
3811
3813
3816
3823
3825
3828
3835
3837
3840
3847
3849
3852
3859
3861
3864
3871
3873
3876
3883
3885
3888
3895
3897
3900
3907
3909
3912
3919
3921
3924
3931
3933
3936
3943
3945
3948
3955
3957
3960
3967
3969
3972
3979
3981
3984
3991
3993
3996
4003
4005
4008
4015
4017
4020
4027
4029
4032
4039
4041
4044
4051
4053
4056
4063
4065
4068
4075
4077
4080
4087
4089
4092
4099
4101
4104
4111
4113
4116
4123
4125
4128
4135
4137
4140
4147
4149
4152
4159
4161
4164
4171
4173
4176
4183
4185
4188
4195
4197
4200
4207
4209
4212
4219
4221
4224
4231
4233
4236
4243
4245
4248
4255
4257
4260
4267
4269
4272
4279
4281
4284
4291
4293
4296
4303
4305
4308
4315
4317
4320
4327
4329
4332
4339
4341
4344
4351
4353
4356
4363
4365
4368
4375
4377
4380
4387
4389
4392
4399
4401
4404
4411
4413
4416
4423
4425
4428
4435
4437
4440
4447
4449
4452
4459
4461
4464
4471
4473
4476
4483
4485
4488
4495
4497
4500
4507
4509
4512
4519
4521
4524
4531
4533
4536
4543
4545
4548
4555
4557
4560
4567
4569
4572
4579
4581
4584
4591
4593
4596
4603
4605
4608
4615
4617
4620
4627
4629
4632
4639
4641
4644
4651
4653
4656
4663
4665
4668
4675
4677
4680
4687
4689
4692
4699
4701
4704
4711
4713
4716
4723
4725
4728
4735
4737
4740
4747
4749
4752
4759
4761
4764
4771
4773
4776
4783
4785
4788
4795
4797
4800
4807
4809
4812
4819
4821
4824
4831
4833
4836
4843
4845
4848
4855
4857
4860
4867
4869
4872
4879
4881
4884
4891
4893
4896
4903
4905
4908
4915
4917
4920
4927
4929
4932
4939
4941
4944
4951
4953
4956
4963
4965
4968
4975
4977
4980
4987
4989
4992
4999
5001
5004
5011
5013
5016
5023
5025
5028
5035
5037
5040
5047
5049
5052
5059
5061
5064
5071
5073
5076
5083
5085
5088
5095
5097
5100
5107
5109
5112
5119
5121
5124
5131
5133
5136
5143
5145
5148
5155
5157
5160
5167
5169
5172
5179
5181
5184
5191
5193
5196
5203
5205
5208
5215
5217
5220
5227
5229
5232
5239
5241
5244
5251
5253
5256
5263
5265
5268
5275
5277
5280
5287
5289
5292
5299
5301
5304
5311
5313
5316
5323
5325
5328
5335
5337
5340
5347
5349
5352
5359
5361
5364
5371
5373
5376
5383
5385
5388
5395
5397
5400
5407
5409
5412
5419
5421
5424
5431
5433
5436
5443
5445
5448
5455
5457
5460
5467
5469
5472
5479
5481
5484
5491
5493
5496
5503
5505
5508
5515
5517
5520
5527
5529
5532
5539
5541
5544
5551
5553
5556
5563
5565
5568
5575
5577
5580
5587
5589
5592
5599
5601
5604
5611
5613
5616
5623
5625
5628
5635
5637
5640
5647
5649
5652
5659
5661
5664
5671
5673
5676
5683
5685
5688
5695
5697
5700
5707
5709
5712
5719
5721
5724
5731
5733
5736
5743
5745
5748
5755
5757
5760
5767
5769
5772
5779
5781
5784
5791
5793
5796
5803
5805
5808
5815
5817
5820
5827
5829
5832
5839
5841
5844
5851
5853
5856
5863
5865
5868
5875
5877
5880
5887
5889
5892
5899
5901
5904
5911
5913
5916
5923
