10
10
6201 3705 2230 8357 7058 4234 1628 1094 7966 6761
10
644 7160 3836 6157 1013 3999 2596 3103 8312 2490
20
4704 6524 4461 6814 5088 4092 4320 4301 2896 1659 6987 7970 5024 6841 2527 6268 40 207 234 1134
20
7016 3694 327 5272 1892 218 9007 1607 8045 443 4984 4241 6428 9831 5642 9738 340 8528 8086 6454
40
4704 6524 4461 6814 5088 4092 4320 4301 2896 1659 6987 7970 5024 6841 2527 6268 40 207 234 1134
7016 3694 327 5272 1892 218 9007 1607 8045 443 4984 4241 6428 9831 5642 9738 340 8528 8086 6454
10
6201 3705 2230 8357 7058 4234 1628 1094 7966 6761
10
644 7160 3836 6157 1013 3999 2596 3103 8312 2490
20
4704 6524 4461 6814 5088 4092 4320 4301 2896 1659 6987 7970 5024 6841 2527 6268 40 207 234 1134
20
7016 3694 327 5272 1892 218 9007 1607 8045 443 4984 4241 6428 9831 5642 9738 340 8528 8086 6454
40
4704 6524 4461 6814 5088 4092 4320 4301 2896 1659 6987 7970 5024 6841 2527 6268 40 207 234 1134
7016 3694 327 5272 1892 218 9007 1607 8045 443 4984 4241 6428 9831 5642 9738 340 8528 8086 6454








