3
1000
1
2
3
4
5
6
7
8
9
10
11
12
13
14
15
16
17
18
19
20
21
22
23
24
25
26
27
28
29
30
31
32
33
34
35
36
37
38
39
40
41
42
43
44
45
46
47
48
49
50
51
52
53
54
55
56
57
58
59
60
61
62
63
64
65
66
67
68
69
70
71
72
73
74
75
76
77
78
79
80
81
82
83
84
85
86
87
88
89
90
91
92
93
94
95
96
97
98
99
100
101
102
103
104
105
106
107
108
109
110
111
112
113
114
115
116
117
118
119
120
121
122
123
124
125
126
127
128
129
130
131
132
133
134
135
136
137
138
139
140
141
142
143
144
145
146
147
148
149
150
151
152
153
154
155
156
157
158
159
160
161
162
163
164
165
166
167
168
169
170
171
172
173
174
175
176
177
178
179
180
181
182
183
184
185
186
187
188
189
190
191
192
193
194
195
196
197
198
199
200
201
202
203
204
205
206
207
208
209
210
211
212
213
214
215
216
217
218
219
220
221
222
223
224
225
226
227
228
229
230
231
232
233
234
235
236
237
238
239
240
241
242
243
244
245
246
247
248
249
250
251
252
253
254
255
256
257
258
259
260
261
262
263
264
265
266
267
268
269
270
271
272
273
274
275
276
277
278
279
280
281
282
283
284
285
286
287
288
289
290
291
292
293
294
295
296
297
298
299
300
301
302
303
304
305
306
307
308
309
310
311
312
313
314
315
316
317
318
319
320
321
322
323
324
325
326
327
328
329
330
331
332
333
334
335
336
337
338
339
340
341
342
343
344
345
346
347
348
349
350
351
352
353
354
355
356
357
358
359
360
361
362
363
364
365
366
367
368
369
370
371
372
373
374
375
376
377
378
379
380
381
382
383
384
385
386
387
388
389
390
391
392
393
394
395
396
397
398
399
400
401
402
403
404
405
406
407
408
409
410
411
412
413
414
415
416
417
418
419
420
421
422
423
424
425
426
427
428
429
430
431
432
433
434
435
436
437
438
439
440
441
442
443
444
445
446
447
448
449
450
451
452
453
454
455
456
457
458
459
460
461
462
463
464
465
466
467
468
469
470
471
472
473
474
475
476
477
478
479
480
481
482
483
484
485
486
487
488
489
490
491
492
493
494
495
496
497
498
499
500
501
502
503
504
505
506
507
508
509
510
511
512
513
514
515
516
517
518
519
520
521
522
523
524
525
526
527
528
529
530
531
532
533
534
535
536
537
538
539
540
541
542
543
544
545
546
547
548
549
550
551
552
553
554
555
556
557
558
559
560
561
562
563
564
565
566
567
568
569
570
571
572
573
574
575
576
577
578
579
580
581
582
583
584
585
586
587
588
589
590
591
592
593
594
595
596
597
598
599
600
601
602
603
604
605
606
607
608
609
610
611
612
613
614
615
616
617
618
619
620
621
622
623
624
625
626
627
628
629
630
631
632
633
634
635
636
637
638
639
640
641
642
643
644
645
646
647
648
649
650
651
652
653
654
655
656
657
658
659
660
661
662
663
664
665
666
667
668
669
670
671
672
673
674
675
676
677
678
679
680
681
682
683
684
685
686
687
688
689
690
691
692
693
694
695
696
697
698
699
700
701
702
703
704
705
706
707
708
709
710
711
712
713
714
715
716
717
718
719
720
721
722
723
724
725
726
727
728
729
730
731
732
733
734
735
736
737
738
739
740
741
742
743
744
745
746
747
748
749
750
751
752
753
754
755
756
757
758
759
760
761
762
763
764
765
766
767
768
769
770
771
772
773
774
775
776
777
778
779
780
781
782
783
784
785
786
787
788
789
790
791
792
793
794
795
796
797
798
799
800
801
802
803
804
805
806
807
808
809
810
811
812
813
814
815
816
817
818
819
820
821
822
823
824
825
826
827
828
829
830
831
832
833
834
835
836
837
838
839
840
841
842
843
844
845
846
847
848
849
850
851
852
853
854
855
856
857
858
859
860
861
862
863
864
865
866
867
868
869
870
871
872
873
874
875
876
877
878
879
880
881
882
883
884
885
886
887
888
889
890
891
892
893
894
895
896
897
898
899
900
901
902
903
904
905
906
907
908
909
910
911
912
913
914
915
916
917
918
919
920
921
922
923
924
925
926
927
928
929
930
931
932
933
934
935
936
937
938
939
940
941
942
943
944
945
946
947
948
949
950
951
952
953
954
955
956
957
958
959
960
961
962
963
964
965
966
967
968
969
970
971
972
973
974
975
976
977
978
979
980
981
982
983
984
985
986
987
988
989
990
991
992
993
994
995
996
997
998
999
1000
1000
10000
10001
10002
10003
10004
10005
10006
10007
10008
10009
10010
10011
10012
10013
10014
10015
10016
10017
10018
10019
10020
10021
10022
10023
10024
10025
10026
10027
10028
10029
10030
10031
10032
10033
10034
10035
10036
10037
10038
10039
10040
10041
10042
10043
10044
10045
10046
10047
10048
10049
10050
10051
10052
10053
10054
10055
10056
10057
10058
10059
10060
10061
10062
10063
10064
10065
10066
10067
10068
10069
10070
10071
10072
10073
10074
10075
10076
10077
10078
10079
10080
10081
10082
10083
10084
10085
10086
10087
10088
10089
10090
10091
10092
10093
10094
10095
10096
10097
10098
10099
10100
10101
10102
10103
10104
10105
10106
10107
10108
10109
10110
10111
10112
10113
10114
10115
10116
10117
10118
10119
10120
10121
10122
10123
10124
10125
10126
10127
10128
10129
10130
10131
10132
10133
10134
10135
10136
10137
10138
10139
10140
10141
10142
10143
10144
10145
10146
10147
10148
10149
10150
10151
10152
10153
10154
10155
10156
10157
10158
10159
10160
10161
10162
10163
10164
10165
10166
10167
10168
10169
10170
10171
10172
10173
10174
10175
10176
10177
10178
10179
10180
10181
10182
10183
10184
10185
10186
10187
10188
10189
10190
10191
10192
10193
10194
10195
10196
10197
10198
10199
10200
10201
10202
10203
10204
10205
10206
10207
10208
10209
10210
10211
10212
10213
10214
10215
10216
10217
10218
10219
10220
10221
10222
10223
10224
10225
10226
10227
10228
10229
10230
10231
10232
10233
10234
10235
10236
10237
10238
10239
10240
10241
10242
10243
10244
10245
10246
10247
10248
10249
10250
10251
10252
10253
10254
10255
10256
10257
10258
10259
10260
10261
10262
10263
10264
10265
10266
10267
10268
10269
10270
10271
10272
10273
10274
10275
10276
10277
10278
10279
10280
10281
10282
10283
10284
10285
10286
10287
10288
10289
10290
10291
10292
10293
10294
10295
10296
10297
10298
10299
10300
10301
10302
10303
10304
10305
10306
10307
10308
10309
10310
10311
10312
10313
10314
10315
10316
10317
10318
10319
10320
10321
10322
10323
10324
10325
10326
10327
10328
10329
10330
10331
10332
10333
10334
10335
10336
10337
10338
10339
10340
10341
10342
10343
10344
10345
10346
10347
10348
10349
10350
10351
10352
10353
10354
10355
10356
10357
10358
10359
10360
10361
10362
10363
10364
10365
10366
10367
10368
10369
10370
10371
10372
10373
10374
10375
10376
10377
10378
10379
10380
10381
10382
10383
10384
10385
10386
10387
10388
10389
10390
10391
10392
10393
10394
10395
10396
10397
10398
10399
10400
10401
10402
10403
10404
10405
10406
10407
10408
10409
10410
10411
10412
10413
10414
10415
10416
10417
10418
10419
10420
10421
10422
10423
10424
10425
10426
10427
10428
10429
10430
10431
10432
10433
10434
10435
10436
10437
10438
10439
10440
10441
10442
10443
10444
10445
10446
10447
10448
10449
10450
10451
10452
10453
10454
10455
10456
10457
10458
10459
10460
10461
10462
10463
10464
10465
10466
10467
10468
10469
10470
10471
10472
10473
10474
10475
10476
10477
10478
10479
10480
10481
10482
10483
10484
10485
10486
10487
10488
10489
10490
10491
10492
10493
10494
10495
10496
10497
10498
10499
10500
10501
10502
10503
10504
10505
10506
10507
10508
10509
10510
10511
10512
10513
10514
10515
10516
10517
10518
10519
10520
10521
10522
10523
10524
10525
10526
10527
10528
10529
10530
10531
10532
10533
10534
10535
10536
10537
10538
10539
10540
10541
10542
10543
10544
10545
10546
10547
10548
10549
10550
10551
10552
10553
10554
10555
10556
10557
10558
10559
10560
10561
10562
10563
10564
10565
10566
10567
10568
10569
10570
10571
10572
10573
10574
10575
10576
10577
10578
10579
10580
10581
10582
10583
10584
10585
10586
10587
10588
10589
10590
10591
10592
10593
10594
10595
10596
10597
10598
10599
10600
10601
10602
10603
10604
10605
10606
10607
10608
10609
10610
10611
10612
10613
10614
10615
10616
10617
10618
10619
10620
10621
10622
10623
10624
10625
10626
10627
10628
10629
10630
10631
10632
10633
10634
10635
10636
10637
10638
10639
10640
10641
10642
10643
10644
10645
10646
10647
10648
10649
10650
10651
10652
10653
10654
10655
10656
10657
10658
10659
10660
10661
10662
10663
10664
10665
10666
10667
10668
10669
10670
10671
10672
10673
10674
10675
10676
10677
10678
10679
10680
10681
10682
10683
10684
10685
10686
10687
10688
10689
10690
10691
10692
10693
10694
10695
10696
10697
10698
10699
10700
10701
10702
10703
10704
10705
10706
10707
10708
10709
10710
10711
10712
10713
10714
10715
10716
10717
10718
10719
10720
10721
10722
10723
10724
10725
10726
10727
10728
10729
10730
10731
10732
10733
10734
10735
10736
10737
10738
10739
10740
10741
10742
10743
10744
10745
10746
10747
10748
10749
10750
10751
10752
10753
10754
10755
10756
10757
10758
10759
10760
10761
10762
10763
10764
10765
10766
10767
10768
10769
10770
10771
10772
10773
10774
10775
10776
10777
10778
10779
10780
10781
10782
10783
10784
10785
10786
10787
10788
10789
10790
10791
10792
10793
10794
10795
10796
10797
10798
10799
10800
10801
10802
10803
10804
10805
10806
10807
10808
10809
10810
10811
10812
10813
10814
10815
10816
10817
10818
10819
10820
10821
10822
10823
10824
10825
10826
10827
10828
10829
10830
10831
10832
10833
10834
10835
10836
10837
10838
10839
10840
10841
10842
10843
10844
10845
10846
10847
10848
10849
10850
10851
10852
10853
10854
10855
10856
10857
10858
10859
10860
10861
10862
10863
10864
10865
10866
10867
10868
10869
10870
10871
10872
10873
10874
10875
10876
10877
10878
10879
10880
10881
10882
10883
10884
10885
10886
10887
10888
10889
10890
10891
10892
10893
10894
10895
10896
10897
10898
10899
10900
10901
10902
10903
10904
10905
10906
10907
10908
10909
10910
10911
10912
10913
10914
10915
10916
10917
10918
10919
10920
10921
10922
10923
10924
10925
10926
10927
10928
10929
10930
10931
10932
10933
10934
10935
10936
10937
10938
10939
10940
10941
10942
10943
10944
10945
10946
10947
10948
10949
10950
10951
10952
10953
10954
10955
10956
10957
10958
10959
10960
10961
10962
10963
10964
10965
10966
10967
10968
10969
10970
10971
10972
10973
10974
10975
10976
10977
10978
10979
10980
10981
10982
10983
10984
10985
10986
10987
10988
10989
10990
10991
10992
10993
10994
10995
10996
10997
10998
10999
1000
100000000
100000001
100000002
100000003
100000004
100000005
100000006
100000007
100000008
100000009
100000010
100000011
100000012
100000013
100000014
100000015
100000016
100000017
100000018
100000019
100000020
100000021
100000022
100000023
100000024
100000025
100000026
100000027
100000028
100000029
100000030
100000031
100000032
100000033
100000034
100000035
100000036
100000037
100000038
100000039
100000040
100000041
100000042
100000043
100000044
100000045
100000046
100000047
100000048
100000049
100000050
100000051
100000052
100000053
100000054
100000055
100000056
100000057
100000058
100000059
100000060
100000061
100000062
100000063
100000064
100000065
100000066
100000067
100000068
100000069
100000070
100000071
100000072
100000073
100000074
100000075
100000076
100000077
100000078
100000079
100000080
100000081
100000082
100000083
100000084
100000085
100000086
100000087
100000088
100000089
100000090
100000091
100000092
100000093
100000094
100000095
100000096
100000097
100000098
100000099
100000100
100000101
100000102
100000103
100000104
100000105
100000106
100000107
100000108
100000109
100000110
100000111
100000112
100000113
100000114
100000115
100000116
100000117
100000118
100000119
100000120
100000121
100000122
100000123
100000124
100000125
100000126
100000127
100000128
100000129
100000130
100000131
100000132
100000133
100000134
100000135
100000136
100000137
100000138
100000139
100000140
100000141
100000142
100000143
100000144
100000145
100000146
100000147
100000148
100000149
100000150
100000151
100000152
100000153
100000154
100000155
100000156
100000157
100000158
100000159
100000160
100000161
100000162
100000163
100000164
100000165
100000166
100000167
100000168
100000169
100000170
100000171
100000172
100000173
100000174
100000175
100000176
100000177
100000178
100000179
100000180
100000181
100000182
100000183
100000184
100000185
100000186
100000187
100000188
100000189
100000190
100000191
100000192
100000193
100000194
100000195
100000196
100000197
100000198
100000199
100000200
100000201
100000202
100000203
100000204
100000205
100000206
100000207
100000208
100000209
100000210
100000211
100000212
100000213
100000214
100000215
100000216
100000217
100000218
100000219
100000220
100000221
100000222
100000223
100000224
100000225
100000226
100000227
100000228
100000229
100000230
100000231
100000232
100000233
100000234
100000235
100000236
100000237
100000238
100000239
100000240
100000241
100000242
100000243
100000244
100000245
100000246
100000247
100000248
100000249
100000250
100000251
100000252
100000253
100000254
100000255
100000256
100000257
100000258
100000259
100000260
100000261
100000262
100000263
100000264
100000265
100000266
100000267
100000268
100000269
100000270
100000271
100000272
100000273
100000274
100000275
100000276
100000277
100000278
100000279
100000280
100000281
100000282
100000283
100000284
100000285
100000286
100000287
100000288
100000289
100000290
100000291
100000292
100000293
100000294
100000295
100000296
100000297
100000298
100000299
100000300
100000301
100000302
100000303
100000304
100000305
100000306
100000307
100000308
100000309
100000310
100000311
100000312
100000313
100000314
100000315
100000316
100000317
100000318
100000319
100000320
100000321
100000322
100000323
100000324
100000325
100000326
100000327
100000328
100000329
100000330
100000331
100000332
100000333
100000334
100000335
100000336
100000337
100000338
100000339
100000340
100000341
100000342
100000343
100000344
100000345
100000346
100000347
100000348
100000349
100000350
100000351
100000352
100000353
100000354
100000355
100000356
100000357
100000358
100000359
100000360
100000361
100000362
100000363
100000364
100000365
100000366
100000367
100000368
100000369
100000370
100000371
100000372
100000373
100000374
100000375
100000376
100000377
100000378
100000379
100000380
100000381
100000382
100000383
100000384
100000385
100000386
100000387
100000388
100000389
100000390
100000391
100000392
100000393
100000394
100000395
100000396
100000397
100000398
100000399
100000400
100000401
100000402
100000403
100000404
100000405
100000406
100000407
100000408
100000409
100000410
100000411
100000412
100000413
100000414
100000415
100000416
100000417
100000418
100000419
100000420
100000421
100000422
100000423
100000424
100000425
100000426
100000427
100000428
100000429
100000430
100000431
100000432
100000433
100000434
100000435
100000436
100000437
100000438
100000439
100000440
100000441
100000442
100000443
100000444
100000445
100000446
100000447
100000448
100000449
100000450
100000451
100000452
100000453
100000454
100000455
100000456
100000457
100000458
100000459
100000460
100000461
100000462
100000463
100000464
100000465
100000466
100000467
100000468
100000469
100000470
100000471
100000472
100000473
100000474
100000475
100000476
100000477
100000478
100000479
100000480
100000481
100000482
100000483
100000484
100000485
100000486
100000487
100000488
100000489
100000490
100000491
100000492
100000493
100000494
100000495
100000496
100000497
100000498
100000499
100000500
100000501
100000502
100000503
100000504
100000505
100000506
100000507
100000508
100000509
100000510
100000511
100000512
100000513
100000514
100000515
100000516
100000517
100000518
100000519
100000520
100000521
100000522
100000523
100000524
100000525
100000526
100000527
100000528
100000529
100000530
100000531
100000532
100000533
100000534
100000535
100000536
100000537
100000538
100000539
100000540
100000541
100000542
100000543
100000544
100000545
100000546
100000547
100000548
100000549
100000550
100000551
100000552
100000553
100000554
100000555
100000556
100000557
100000558
100000559
100000560
100000561
100000562
100000563
100000564
100000565
100000566
100000567
100000568
100000569
100000570
100000571
100000572
100000573
100000574
100000575
100000576
100000577
100000578
100000579
100000580
100000581
100000582
100000583
100000584
100000585
100000586
100000587
100000588
100000589
100000590
100000591
100000592
100000593
100000594
100000595
100000596
100000597
100000598
100000599
100000600
100000601
100000602
100000603
100000604
100000605
100000606
100000607
100000608
100000609
100000610
100000611
100000612
100000613
100000614
100000615
100000616
100000617
100000618
100000619
100000620
100000621
100000622
100000623
100000624
100000625
100000626
100000627
100000628
100000629
100000630
100000631
100000632
100000633
100000634
100000635
100000636
100000637
100000638
100000639
100000640
100000641
100000642
100000643
100000644
100000645
100000646
100000647
100000648
100000649
100000650
100000651
100000652
100000653
100000654
100000655
100000656
100000657
100000658
100000659
100000660
100000661
100000662
100000663
100000664
100000665
100000666
100000667
100000668
100000669
100000670
100000671
100000672
100000673
100000674
100000675
100000676
100000677
100000678
100000679
100000680
100000681
100000682
100000683
100000684
100000685
100000686
100000687
100000688
100000689
100000690
100000691
100000692
100000693
100000694
100000695
100000696
100000697
100000698
100000699
100000700
100000701
100000702
100000703
100000704
100000705
100000706
100000707
100000708
100000709
100000710
100000711
100000712
100000713
100000714
100000715
100000716
100000717
100000718
100000719
100000720
100000721
100000722
100000723
100000724
100000725
100000726
100000727
100000728
100000729
100000730
100000731
100000732
100000733
100000734
100000735
100000736
100000737
100000738
100000739
100000740
100000741
100000742
100000743
100000744
100000745
100000746
100000747
100000748
100000749
100000750
100000751
100000752
100000753
100000754
100000755
100000756
100000757
100000758
100000759
100000760
100000761
100000762
100000763
100000764
100000765
100000766
100000767
100000768
100000769
100000770
100000771
100000772
100000773
100000774
100000775
100000776
100000777
100000778
100000779
100000780
100000781
100000782
100000783
100000784
100000785
100000786
100000787
100000788
100000789
100000790
100000791
100000792
100000793
100000794
100000795
100000796
100000797
100000798
100000799
100000800
100000801
100000802
100000803
100000804
100000805
100000806
100000807
100000808
100000809
100000810
100000811
100000812
100000813
100000814
100000815
100000816
100000817
100000818
100000819
100000820
100000821
100000822
100000823
100000824
100000825
100000826
100000827
100000828
100000829
100000830
100000831
100000832
100000833
100000834
100000835
100000836
100000837
100000838
100000839
100000840
100000841
100000842
100000843
100000844
100000845
100000846
100000847
100000848
100000849
100000850
100000851
100000852
100000853
100000854
100000855
100000856
100000857
100000858
100000859
100000860
100000861
100000862
100000863
100000864
100000865
100000866
100000867
100000868
100000869
100000870
100000871
100000872
100000873
100000874
100000875
100000876
100000877
100000878
100000879
100000880
100000881
100000882
100000883
100000884
100000885
100000886
100000887
100000888
100000889
100000890
100000891
100000892
100000893
100000894
100000895
100000896
100000897
100000898
100000899
100000900
100000901
100000902
100000903
100000904
100000905
100000906
100000907
100000908
100000909
100000910
100000911
100000912
100000913
100000914
100000915
100000916
100000917
100000918
100000919
100000920
100000921
100000922
100000923
100000924
100000925
100000926
100000927
100000928
100000929
100000930
100000931
100000932
100000933
100000934
100000935
100000936
100000937
100000938
100000939
100000940
100000941
100000942
100000943
100000944
100000945
100000946
100000947
100000948
100000949
100000950
100000951
100000952
100000953
100000954
100000955
100000956
100000957
100000958
100000959
100000960
100000961
100000962
100000963
100000964
100000965
100000966
100000967
100000968
100000969
100000970
100000971
100000972
100000973
100000974
100000975
100000976
100000977
100000978
100000979
100000980
100000981
100000982
100000983
100000984
100000985
100000986
100000987
100000988
100000989
100000990
100000991
100000992
100000993
100000994
100000995
100000996
100000997
100000998
100000999
